$ANSIBLE_VAULT;1.1;AES256
63333035653931666563386233666363323864663232633036363939383232326232316264383537
3731363430633137313538653436353530356439306534350a636161366266666639383935663037
35383766363464666438366263323135653239653232633736336131663062633666616236623339
6638383937383961610a363231323432613237323931353936653866656533366361356434646163
30613661623832306361393230636662383162363363313534396665396234356335346437333763
32313836323566396236373862346531643866373666623261396533633863306663353862336539
30366139353463323661666365353437653865633831653764393063353734383063376265653030
65373331333931663065306461366439663837626530613334656363313166383163613263653339
35393665636265643064386163636531643562633231346631336632333435636463373963303333
30303936373734386430356132336261616265636137353435373666363162343233356265373832
61616632333264643731393335333335663936343565306234363634666632383530626330303164
34356234376265663339623466663836316165616361663162316330636139373136313065396263
34396462333565643134663730373839646231336435306331336165373535313532633930656533
37313635323032303930376264633631373566666564336436653335353766373663336530353633
65306665323262373230636631353231376661393433373331663337663335303133643166633235
31303466656236313664636637316233393039633338386535396366353562613062316530363066
36333862346334306136333235646237646631313638653361333165353164313836376565616539
3761313637613330386431343538343236363638383130613434
